nAnalytes <- 6
nObs <- 17
npH <- 3
analyte <- 
c(1, 1, 1, 2, 2, 2, 3, 3, 3, 4, 4, 5, 5, 5, 6, 6, 6)
pHid <- 
c(1, 2, 3, 1, 2, 3, 1, 2, 3, 1, 2, 1, 2, 3, 1, 2, 3)
steps <- 
c(10, 10, 10, 10, 10, 10, 10, 10, 10, 10, 10, 10, 10, 10, 10, 10, 10)
hplcparam <- 
structure(c(30, 30, 30, 30, 30, 30, 30, 30, 30, 30, 30, 30, 30, 30, 30, 30, 30,
2.1, 2.1, 2.1, 2.1, 2.1, 2.1, 2.1, 2.1, 2.1, 2.1, 2.1, 2.1, 2.1, 2.1, 2.1, 2.1,
2.1, 0.532, 0.532, 0.532, 0.532, 0.532, 0.532, 0.532, 0.532, 0.532, 0.532,
0.532, 0.532, 0.532, 0.532, 0.532, 0.532, 0.532, 0.04, 0.04, 0.04, 0.04, 0.04,
0.04, 0.04, 0.04, 0.04, 0.04, 0.04, 0.04, 0.04, 0.04, 0.04, 0.04, 0.04, 0.05,
0.05, 0.05, 0.05, 0.05, 0.05, 0.05, 0.05, 0.05, 0.05, 0.05, 0.05, 0.05, 0.05,
0.05, 0.05, 0.05, 0.8, 0.8, 0.8, 0.8, 0.8, 0.8, 0.8, 0.8, 0.8, 0.8, 0.8, 0.8,
0.8, 0.8, 0.8, 0.8, 0.8, 2, 2, 2, 2, 2, 2, 2, 2, 2, 2, 2, 2, 2, 2, 2, 2, 2,
2.483991646, 10.51736907, 5.817304809, 2.483991646, 10.51736907, 5.817304809,
2.483991646, 10.51736907, 5.817304809, 2.483991646, 10.51736907, 2.483991646,
10.51736907, 5.817304809, 2.483991646, 10.51736907, 5.817304809, 0.427925458,
-0.675014459, 0.089027525, 0.427925458, -0.675014459, 0.089027525, 0.427925458,
-0.675014459, 0.089027525, 0.427925458, -0.675014459, 0.427925458, -0.675014459,
0.089027525, 0.427925458, -0.675014459, 0.089027525, 1.544093392, -0.160843954,
2.270643676, 1.544093392, -0.160843954, 2.270643676, 1.544093392, -0.160843954,
2.270643676, 1.544093392, -0.160843954, 1.544093392, -0.160843954, 2.270643676,
1.544093392, -0.160843954, 2.270643676, 0, 0, 0, 0, 0, 0, 0, 0, 0, 0, 0, 0, 0,
0, 0, 0, 0),
.Dim = c(17, 11))
mod <- 
c(2, 2, 2, 2, 2, 2, 2, 2, 2, 2, 2, 2, 2, 2, 2, 2, 2)
logPobs <- 
c(3.58, 0.78, 3.45, 2.36, 3.5, 2.82)
maxR <- 2
R <- 
c(1, 2, 1, 1, 2, 2)
pKaslit <- 
structure(c(2.69, 4.04, 5.56, 5.25, 5.53, 4.77, 15, 10.33, 15, 15, 6.35, 9.28),
.Dim = c(6, 2))
pKasliterror <- 
structure(c(0.7, 0.1, 0.1, 0.1, 0.22, 0.49, 0.01, 0.1, 0.01, 0.01, 0.5, 0.7),
.Dim = c(6, 2))
groupsA <- 
structure(c(0, 1, 0, 1, 0, 0, 0, 0, 0, 0, 1, 0),
.Dim = c(6, 2))
groupsB <- 
structure(c(1, 0, 1, 0, 1, 1, 0, 1, 0, 0, 0, 1),
.Dim = c(6, 2))
chargesA <- 
structure(c(0, 0, 0, 0, 0, 0, 0, 1, 0, 1, 0, 0, 0, 1, 0, 1, 1, 0),
.Dim = c(6, 3))
chargesB <- 
structure(c(1, 1, 1, 0, 1, 2, 0, 1, 0, 0, 0, 1, 0, 0, 0, 0, 0, 0),
.Dim = c(6, 3))
K <- 60
nrfungroups <- 
structure(c(0, 0, 0, 0, 0, 0, 0, 0, 0, 0, 0, 0, 0, 0, 0, 0, 0, 0, 0, 0, 0, 0, 0,
0, 0, 0, 0, 0, 0, 0, 0, 0, 0, 0, 0, 0, 0, 0, 0, 0, 0, 0, 0, 0, 0, 0, 0, 0, 0, 0,
0, 0, 0, 0, 2, 0, 0, 0, 0, 0, 0, 0, 0, 0, 0, 0, 0, 0, 0, 0, 0, 0, 0, 0, 0, 0, 0,
1, 0, 0, 0, 0, 0, 0, 0, 0, 0, 0, 0, 0, 0, 0, 0, 0, 0, 0, 0, 0, 0, 0, 0, 0, 0, 0,
0, 0, 0, 0, 0, 0, 0, 0, 1, 1, 0, 0, 0, 0, 0, 0, 0, 0, 0, 0, 0, 0, 0, 0, 0, 0, 0,
0, 0, 1, 0, 0, 0, 0, 0, 0, 0, 0, 0, 0, 0, 0, 0, 0, 0, 0, 0, 0, 0, 0, 0, 0, 0, 0,
0, 0, 0, 0, 0, 0, 0, 0, 0, 1, 0, 0, 0, 0, 0, 0, 0, 0, 0, 0, 0, 0, 0, 0, 0, 0, 0,
0, 0, 0, 0, 0, 0, 0, 0, 0, 0, 0, 0, 0, 0, 1, 0, 0, 0, 0, 0, 0, 0, 0, 0, 0, 0, 0,
0, 0, 0, 0, 0, 1, 0, 0, 0, 0, 2, 0, 0, 0, 0, 0, 0, 0, 0, 0, 0, 0, 0, 0, 0, 0, 0,
0, 0, 0, 0, 0, 0, 0, 0, 0, 0, 0, 0, 0, 0, 0, 0, 0, 0, 0, 0, 0, 0, 0, 0, 0, 0, 0,
0, 0, 0, 0, 0, 0, 0, 0, 0, 0, 0, 0, 0, 0, 0, 0, 0, 0, 0, 0, 0, 0, 0, 0, 0, 0, 1,
0, 0, 0, 0, 0, 1, 0, 0, 0, 0, 0, 0, 0, 0, 0, 0, 0, 0, 0, 0, 0, 0, 0, 1, 0, 0, 0,
0, 1, 0, 0, 0, 0, 0, 0, 0, 0, 0, 0, 0, 0, 0, 0, 1, 0, 0, 0, 0, 0, 0, 0, 0, 1, 0,
0, 0, 0, 0, 0, 0, 0, 0, 0, 0, 0, 0, 0),
.Dim = c(6, 60))
mpilogkw <- 
c(0.0889968428595548, 0.22008966825125, -0.0771815195591502,
-0.05817991021435, -0.020148946005225, 0.0307316725699825, 0.0543621082853,
0.0324279323432999, -0.05596678683675, -0.041581355252, -0.018058703406625,
-0.233834863103, 0.18033722096475, 0.22292292100975, -0.000501192305000001,
0.04987359763075, 0.0513917052316499, 0.2876993382625, 0.124327135344325,
0.12593704868175, -0.0935018665000727, 0.110744323446425, 0.0988604463651751,
0.01431566234895, 0.172177835703, -0.0643482931813277, -0.0329482021954501,
0.423955068749999, 0.0993908985895301, 0.029820132419325, 0.26213192806275,
0.125264699990745, 0.108892420331975, 0.0343301783096001, 0.143383295807107,
-0.1013692050415, -0.0913377286217774, 0.1145944203031, 0.137289133807375,
-0.1597226697186, -0.100180180674275, -0.1724524332095, -0.151108470096749,
-0.0716024258115749, -0.410842843382499, 0.000433213414249995,
0.0476187438239748, 0.00506268302377501, 0.0826298697423501,
-0.00806687702650001, 0.0879922134395501, 0.16047332635329, -0.00545335401175,
0.04911151580075, -0.0790377194335501, 0.0804110515920003, 0.0556822471320525,
0.100240845222148, -0.0393841636146501, 0.0723208501620699)
spilogkw <- 
c(0.177471413490907, 0.105968524228844, 0.160325195284994,
0.185308852260919, 0.179988182045063, 0.188612904909725, 0.120183861760715,
0.18258842078722, 0.171610973282035, 0.127933551854748, 0.180318487129278,
0.119557887197776, 0.0846757399085927, 0.108777856957033, 0.131647570428321,
0.1469408759151, 0.132389150840822, 0.111017971807696, 0.0609063261016972,
0.173498858874232, 0.119702270923968, 0.155684606307299, 0.154538855196298,
0.102276959128834, 0.132273861408408, 0.14996420181522, 0.151168437643277,
0.0885875918043772, 0.114247980097966, 0.182464612224784, 0.162515143173171,
0.139539749944581, 0.10682605505863, 0.0934536247436581, 0.151605033204463,
0.14791973553257, 0.104111219920434, 0.100462396653018, 0.172043654639451,
0.165543368574018, 0.123600934733901, 0.143307896625322, 0.161005113067004,
0.14789850788906, 0.140738135836306, 0.175875588073256, 0.0922153601330513,
0.182678051432591, 0.167920419044898, 0.182219831488352, 0.181998003635673,
0.166060658904532, 0.180062747952312, 0.148776460100283, 0.15263541530469,
0.186671844754081, 0.13226647404262, 0.10945671299013, 0.187559603506411,
0.18264266595513)
mpiS1m <- 
c(0.021700055926425, 0.106134236236, 0.0778085607394998,
0.06554361596725, 0.00522921446779999, -0.00690202034879999, 0.208429806273775,
-0.0118745781861125, 0.1001222037012, 0.0644238794738526, 0.039717530388375,
-0.00329354588375, 0.19771313382975, 0.062347788156675, -0.00735698785372498,
0.065585614323, -0.067690252824, 0.14787824023, 0.244202023450001,
-0.0442913221941248, 0.1735015278845, -0.0365348548789, -0.10523962792545,
0.0317578123057, -0.00892374372052501, 0.0149970674375, -0.0448266668852501,
0.301479356809751, 0.0594514271803, 0.0431497501975751, 0.0485574303400775,
0.0769855942661501, 0.14581321857255, 0.02792508556835, 0.030352456969575,
0.17853375777095, -0.08427059055595, 0.1548723127165, 0.132141557586992,
-0.040522830169, -0.140858090681658, 0.156149595732875, 0.134440491507875,
0.13998536889275, -0.20135212930425, 0.103264498479375, 0.1765175053129,
-0.142850163107775, 0.064012954998675, 0.0308196197489499, 0.03093451016605,
0.04399059663125, 0.0335519910824, -0.0415121552322499, 0.086500089190825,
-0.0418402961457725, 0.10776803983575, 0.144802405712934, 0.19343084313075,
0.0939918425327248)
